<<<<<<< HEAD
718
664
467
142
80
29
124
813
946
772
219
966
604
242
307
514
592
149
189
938
311
909
242
641
657
115
591
130
827
804
286
540
477
191
545
72
490
289
570
961
5
615
337
943
923
704
342
504
270
29
185
900
535
539
618
172
134
87
362
422
744
597
265
416
973
932
817
396
137
138
445
989
775
90
879
447
582
322
713
57
236
593
183
686
705
40
199
583
474
841
502
374
26
566
169
410
956
852
906
990
64
821
804
582
520
746
433
211
966
862
763
439
731
251
650
516
319
232
787
838
779
808
731
821
686
220
38
765
370
391
671
663
213
113
813
852
707
686
956
876
755
593
328
438
1
732
72
331
919
338
923
402
32
30
881
1
55
665
465
16
28
153
222
913
902
139
716
150
436
514
60
624
548
537
787
910
172
158
261
982
845
270
605
828
163
51
435
713
233
501
327
601
389
409
963
649
336
127
789
755
506
12
416
111
491
38
999
547
703
560
144
959
318
540
151
606
459
832
996
915
313
924
921
446
640
543
583
173
357
529
843
514
372
833
828
857
185
813
329
830
228
174
996
130
154
271
539
705
678
209
832
15
673
572
939
590
633
550
190
36
679
364
6
496
714
452
155
576
163
739
720
354
721
247
869
850
590
486
701
28
631
573
481
484
244
638
241
845
817
548
949
176
925
549
475
619
71
848
648
520
740
921
196
491
472
694
846
51
482
953
131
262
93
298
944
792
519
988
751
490
961
132
811
746
624
799
452
863
603
940
454
531
948
615
944
28
683
913
310
785
99
796
40
940
836
216
995
106
669
882
384
822
122
971
978
272
686
810
658
9
690
27
112
132
341
115
382
682
556
833
199
750
920
653
974
940
482
460
915
311
581
454
237
721
769
717
448
357
357
229
180
907
594
433
484
166
73
894
101
286
13
148
17
484
96
626
549
2
321
338
626
788
788
974
695
797
50
627
376
180
133
182
290
826
800
924
443
968
414
234
712
919
974
418
294
731
600
512
863
397
597
444
459
89
278
393
655
592
479
695
811
603
200
445
608
646
4
385
303
253
591
478
53
427
736
587
766
902
853
136
267
565
536
809
222
57
679
466
428
567
489
844
731
467
468
559
747
320
103
566
93
111
643
320
959
151
103
320
266
61
754
873
162
514
444
980
216
293
244
800
332
477
203
319
445
171
733
885
671
112
992
324
723
245
29
173
988
533
768
435
878
684
339
478
978
23
680
166
128
443
917
221
765
295
333
631
173
317
973
216
98
514
656
951
672
812
519
286
176
820
271
18
38
12
161
823
503
562
11
559
882
147
653
266
470
706
297
311
529
753
99
35
586
123
226
928
132
427
238
295
449
909
792
674
982
595
671
900
316
900
421
712
88
773
311
89
525
676
60
648
359
696
985
572
630
683
836
154
364
312
590
733
972
562
935
671
144
449
182
622
855
511
593
276
802
679
280
151
262
492
386
790
179
7
863
682
258
180
772
594
319
319
943
327
447
726
344
740
468
438
344
217
491
110
224
94
17
849
496
650
783
118
57
444
371
865
607
528
480
812
846
995
220
332
583
275
818
696
871
5
84
229
263
190
992
267
217
65
862
881
189
281
951
957
715
360
980
873
428
748
641
798
279
626
434
866
430
661
797
493
254
395
556
159
81
670
402
580
207
153
937
143
708
656
18
608
270
677
727
214
574
115
738
788
622
530
473
190
154
396
15
508
758
405
586
441
24
459
720
682
116
36
939
993
659
501
839
908
135
345
418
917
659
353
85
354
569
449
370
709
555
831
469
840
8
231
288
347
213
296
682
928
460
664
615
550
694
124
414
746
615
456
812
341
665
596
915
158
180
811
751
2
795
133
595
277
14
101
658
578
561
315
901
450
989
14
24
633
472
543
754
406
239
463
644
930
887
733
54
354
835
836
921
402
572
729
41
927
282
124
84
388
817
354
789
216
359
549
963
961
67
155
804
144
247
827
710
565
814
750
847
7
392
66
516
761
725
267
688
942
91
93
517
419
309
807
448
898
289
926
922
428
258
503
180
244
700
43
581
667
108
27
561
976
785
998
332
490
260
799
201
761
586
404
799
1000
134
215
704
420
15
333
390
457
876
130
116
133
159
856
245
80
225
569
388
551
347
670
435
98
669
63
44
861
213
518
725
177
452
149
371
221
234
220
681
420
63
620
525
428
469
769
557
172
60
255
384
219
476
601
314
548
924
424
297
411
177
271
23
850
237
472
850
463
768
192
994
403
465
202
456
819
520
48
493
187
867
517
970
871
79
679
408
591
678
887
338
229
710
890
736
416
822
424
351
685
616
47
677
352
143
861
872
149
246
988
919
408
891
342
619
745
297
368
30
959
593
865
665
511
272
392
338
77
302
221
383
548
782
666
768
280
619
612
288
243
956
219
105
533
595
288
76
378
662
182
871
598
382
949
132
459
729
329
313
832
973
561
360
54
538
358
920
35
178
532
230
922
810
599
168
482
115
31
865
991
155
965
491
373
326
216
406
13
150
623
390
933
615
697
785
258
262
773
620
676
495
364
633
635
199
794
417
119
797
154
263
919
11
977
113
920
23
69
842
141
973
50
662
757
941
821
544
291
803
610
165
327
668
516
921
700
487
162
235
587
210
234
370
905
617
294
172
736
742
109
59
710
44
149
519
381
668
909
892
201
258
959
51
990
709
125
398
435
176
512
413
735
481
446
284
311
917
9
636
286
734
227
16
665
495
278
846
739
159
903
392
222
213
944
936
568
793
991
275
914
482
707
624
510
561
265
192
844
909
709
530
670
581
538
421
412
629
478
773
904
920
800
315
567
505
805
949
905
525
839
146
874
921
236
878
164
734
49
306
472
900
594
913
650
940
280
27
133
250
915
896
571
455
584
692
334
837
96
842
134
75
819
848
717
546
577
877
684
351
409
98
775
920
661
251
813
976
279
308
977
725
797
753
756
628
204
800
741
401
51
804
14
554
924
98
271
425
490
690
118
976
276
528
135
375
194
891
185
905
618
626
64
884
740
497
685
564
500
504
682
530
248
292
218
667
138
647
907
782
214
138
767
834
4
578
989
524
726
535
871
899
336
43
997
544
674
755
22
193
899
835
5
439
733
648
647
727
272
124
725
712
458
953
622
47
496
442
348
868
137
980
512
475
340
87
189
149
595
181
196
661
445
607
275
665
408
320
150
344
368
472
57
680
977
623
304
191
553
414
25
652
804
103
190
272
857
489
556
696
585
826
554
692
431
688
348
936
568
626
393
141
85
246
906
602
144
166
647
113
268
544
89
723
817
93
858
493
632
625
811
539
222
853
168
988
280
990
143
958
147
701
915
57
52
523
414
424
164
295
976
355
399
678
784
760
242
336
327
6
279
92
128
836
579
636
775
147
298
101
269
62
580
385
676
354
286
187
152
145
339
274
632
115
338
200
553
8
657
845
617
207
982
825
903
149
204
984
301
816
694
636
757
512
188
363
514
166
698
526
169
778
711
420
433
634
12
591
850
46
927
475
461
441
376
792
34
840
218
924
368
944
806
806
536
981
316
338
897
560
183
978
286
589
245
827
453
344
528
804
130
176
742
2
805
728
703
283
141
274
252
744
484
961
335
823
821
623
566
166
28
495
518
406
622
920
62
467
662
552
186
303
881
322
983
885
494
822
36
399
827
19
287
783
782
589
381
717
715
902
364
29
577
80
973
85
713
735
26
64
665
335
972
5
960
249
708
349
656
267
417
11
491
554
848
26
357
479
781
169
464
57
167
159
763
60
535
432
990
37
23
728
133
206
210
99
392
173
228
940
659
221
993
345
454
330
711
749
528
874
255
425
799
916
802
558
163
280
244
638
413
236
641
648
139
320
230
473
960
865
677
8
419
741
393
95
949
60
435
491
817
184
464
599
6
503
182
54
379
910
212
42
689
310
433
906
318
981
375
366
241
23
597
891
2
688
457
277
219
199
176
998
358
627
120
95
923
11
913
480
84
254
184
397
308
653
409
492
7
463
262
632
381
868
654
34
985
976
877
725
609
400
714
126
163
403
767
656
267
657
355
517
214
384
218
191
232
258
990
633
204
253
766
484
460
259
302
130
471
530
290
657
653
796
541
690
25
248
27
708
414
224
488
321
841
302
672
438
727
327
155
448
229
408
667
631
822
249
844
280
937
694
525
723
951
967
510
201
401
553
526
475
73
36
457
478
527
672
543
145
810
350
359
185
311
20
864
403
428
175
309
787
522
569
119
405
355
427
732
246
725
915
865
269
787
718
125
644
299
355
463
296
194
765
180
772
583
58
891
420
697
766
427
507
234
613
631
187
429
720
924
660
841
450
36
288
857
856
57
159
986
709
575
56
268
921
301
382
533
687
480
822
907
490
347
344
707
494
284
505
238
822
522
721
838
614
959
564
608
656
944
504
920
226
743
104
862
808
529
616
994
162
696
970
541
885
410
165
884
82
586
98
939
61
75
666
567
679
860
820
274
136
263
55
90
600
108
559
41
90
988
65
488
641
18
539
154
184
402
79
827
964
567
934
436
25
391
158
237
618
428
700
52
688
747
763
756
244
728
461
748
67
130
990
792
222
606
748
246
105
826
111
105
578
399
490
464
546
857
605
378
474
50
40
467
69
589
610
827
793
690
182
149
796
46
31
979
17
480
317
113
863
24
417
372
612
426
506
649
749
260
174
574
566
993
172
653
698
961
359
312
390
262
639
54
907
397
629
268
577
292
390
775
123
133
627
236
617
862
53
352
610
678
338
458
946
224
416
458
102
877
879
661
531
614
343
744
160
764
260
179
242
437
608
538
883
56
538
970
809
586
538
599
32
628
543
201
496
501
29
780
748
170
909
983
369
16
128
776
756
566
638
720
897
47
497
565
915
946
876
48
313
447
175
79
887
88
952
650
722
649
27
852
872
501
172
832
273
502
872
364
158
374
367
595
322
554
28
683
231
968
436
867
133
725
303
935
417
1
759
743
894
246
855
176
105
770
521
674
6
165
504
487
981
991
919
753
799
53
155
909
171
796
252
569
647
607
340
563
84
739
866
846
708
819
351
698
673
743
823
162
942
558
275
748
639
229
96
328
345
727
556
210
148
374
173
214
474
506
146
28
949
378
107
841
508
337
816
286
879
936
969
90
422
782
39
416
327
702
10
477
854
101
229
939
502
390
128
178
454
298
868
482
108
974
331
547
121
601
613
298
640
617
618
152
268
38
890
941
877
435
662
280
543
422
649
347
322
275
227
314
840
560
69
694
116
921
45
230
956
79
682
948
461
328
12
640
419
20
569
976
717
526
306
195
71
126
924
61
346
587
758
555
983
604
824
273
119
584
110
430
522
999
973
84
525
403
635
736
347
797
96
572
371
676
204
987
565
932
828
564
241
389
429
51
896
819
898
801
630
846
617
858
139
896
953
927
550
962
993
234
892
508
666
369
838
356
376
18
23
123
897
722
677
266
720
417
385
884
566
769
983
627
307
716
642
341
627
345
721
181
807
634
575
863
555
81
291
201
454
113
100
799
871
457
954
23
747
56
652
154
152
716
763
929
863
510
150
911
608
249
393
533
866
624
509
598
539
606
353
636
203
795
271
950
393
586
563
781
484
847
476
533
220
190
375
163
973
694
266
885
526
531
866
276
42
780
949
328
488
529
56
485
31
35
418
979
676
310
916
364
328
934
953
661
954
866
989
189
213
322
472
534
151
856
193
74
162
62
346
9
963
129
943
2
397
707
240
344
362
244
584
778
966
381
455
137
485
938
755
25
293
142
402
723
605
709
344
311
308
123
35
652
370
310
596
555
488
430
778
930
402
139
327
240
823
731
460
569
504
753
572
616
675
370
277
710
583
180
214
65
792
801
817
952
662
403
720
355
578
421
148
816
930
668
489
778
110
682
482
257
816
574
438
919
369
872
742
968
773
487
607
676
109
453
685
39
239
561
315
288
294
717
11
149
216
433
329
500
781
561
774
403
382
406
13
706
672
322
503
265
805
635
519
532
442
787
596
328
794
177
917
186
941
743
930
340
441
106
804
335
186
435
525
701
153
520
334
745
230
419
514
6
373
777
820
938
465
336
201
965
94
385
601
836
119
799
685
96
896
360
694
154
970
972
755
719
466
374
418
735
462
474
696
642
199
677
971
285
927
33
515
318
373
458
675
720
703
119
66
585
221
673
867
81
356
261
374
339
234
509
400
798
202
830
580
106
297
959
524
421
225
401
890
984
566
575
567
280
606
62
602
76
699
988
167
453
265
427
884
532
859
124
324
516
654
645
198
74
223
335
565
809
947
419
548
863
36
837
284
410
962
328
712
777
938
707
825
400
388
629
589
404
82
964
971
667
59
441
41
680
322
63
245
101
478
155
445
150
208
425
417
763
914
715
816
418
357
674
145
368
669
731
744
646
982
587
340
955
552
132
5
556
485
693
496
163
996
418
536
724
961
63
779
223
118
501
40
577
756
550
527
14
783
116
170
809
655
517
762
138
749
253
868
794
272
570
767
993
581
432
246
174
434
895
96
354
475
501
360
144
791
293
794
290
608
802
845
899
865
605
378
81
498
347
666
123
882
1
282
584
521
912
340
893
174
589
480
987
157
149
290
76
978
302
51
370
955
755
318
509
225
765
492
18
6
325
820
765
701
143
781
273
453
254
899
486
27
741
66
596
212
828
147
693
894
71
552
173
872
503
153
352
946
128
51
46
153
919
308
503
128
889
234
965
136
999
872
830
649
664
268
745
246
106
114
889
517
941
84
688
434
978
930
789
406
234
461
363
890
341
754
440
393
965
644
244
763
407
842
725
653
915
686
100
944
36
85
691
612
811
67
956
586
536
973
684
488
893
365
271
740
482
338
992
805
245
49
956
781
473
564
842
734
470
224
314
209
540
356
721
975
428
675
173
705
85
59
508
332
912
409
714
153
133
505
974
244
1000
711
962
482
516
375
226
420
396
196
894
292
474
652
957
928
597
601
179
835
24
519
34
775
359
330
369
664
537
258
276
760
310
581
413
118
653
247
534
656
383
104
309
813
349
253
722
170
17
966
243
32
714
83
372
385
793
439
812
434
938
139
439
354
956
705
995
194
113
58
440
683
189
260
557
440
822
896
633
426
38
304
743
494
578
342
455
232
245
332
22
975
703
419
641
277
147
918
907
521
30
426
775
65
232
107
634
365
800
500
259
778
940
568
562
148
346
707
235
146
593
611
870
417
786
559
849
94
736
674
596
525
609
604
312
487
964
490
293
688
887
908
444
860
314
492
316
880
99
20
291
423
235
11
310
838
253
820
877
922
382
610
622
843
12
723
267
806
602
621
323
469
266
361
453
20
257
508
139
117
205
101
360
304
193
119
59
46
852
518
822
25
709
859
380
940
667
394
432
378
176
56
375
368
12
568
581
538
635
835
312
60
185
197
99
859
179
867
362
756
118
432
339
279
476
886
121
859
362
25
107
102
655
44
938
525
997
22
145
220
401
97
751
626
768
900
959
135
756
931
978
481
135
158
397
696
90
155
87
746
489
786
397
53
743
531
933
704
362
436
249
359
842
125
70
681
366
543
768
737
732
670
698
206
174
161
152
397
513
452
211
895
235
208
152
370
552
429
863
958
963
474
725
482
697
644
893
84
187
382
659
182
609
536
826
201
564
791
5
10
829
853
699
417
77
631
758
102
46
911
976
902
412
990
790
303
580
308
63
273
902
516
285
323
186
274
554
902
581
14
667
506
258
861
363
565
943
848
805
319
193
13
244
815
31
786
554
682
136
832
511
395
162
541
70
500
518
643
49
638
883
414
704
516
91
567
194
370
351
265
611
715
30
701
171
630
528
189
827
271
345
265
890
142
337
192
737
520
303
294
277
39
319
440
784
840
440
508
539
140
86
711
79
270
131
28
962
812
497
53
430
711
129
867
832
784
135
441
881
347
795
73
465
685
564
426
603
297
40
374
759
418
337
900
164
635
792
963
97
107
278
579
274
615
983
846
355
385
170
217
577
364
650
103
355
633
575
63
552
96
265
209
378
319
553
25
378
967
237
539
954
467
430
419
860
429
867
956
271
161
139
854
704
805
967
416
578
460
850
788
67
829
889
361
736
640
361
649
894
806
531
610
490
31
422
984
42
212
902
558
428
349
169
939
528
650
518
413
862
911
28
136
369
813
879
959
194
16
40
590
204
657
826
539
372
93
462
818
64
979
494
965
300
557
11
31
148
294
822
819
897
48
632
209
135
255
155
639
452
495
980
887
784
932
171
354
821
102
967
525
485
392
275
85
875
384
258
86
640
679
943
105
520
490
814
49
398
120
230
6
171
283
366
897
312
615
169
64
182
565
205
398
504
967
190
641
729
879
251
945
656
574
348
264
599
53
827
214
204
589
359
413
79
712
449
263
566
369
32
331
826
152
802
495
813
691
333
169
932
899
258
129
968
977
202
444
109
330
4
307
549
124
677
434
823
922
122
53
462
406
368
780
91
420
537
254
121
796
999
470
599
886
822
189
960
444
752
722
582
162
977
513
441
402
398
390
403
729
206
607
79
657
412
84
261
607
845
795
491
336
558
756
758
951
417
638
274
894
666
251
245
35
203
774
57
466
881
903
97
774
341
137
116
113
230
744
704
711
31
332
764
792
56
979
986
232
577
310
376
429
986
179
523
897
207
446
591
865
906
785
992
378
174
762
279
431
25
605
283
748
655
382
664
638
168
846
564
529
469
483
451
853
777
97
738
735
767
118
383
699
395
285
281
869
502
54
598
941
915
401
212
841
163
897
94
502
347
952
736
409
560
508
608
862
208
497
269
406
773
66
376
496
295
963
514
842
158
799
750
832
3
760
853
899
457
800
536
655
200
295
952
805
822
136
422
449
95
83
836
374
838
394
815
838
547
650
59
508
30
694
63
483
429
266
254
874
267
123
761
193
544
929
605
749
634
352
376
707
986
786
224
355
201
532
101
353
397
325
245
567
971
9
986
904
54
963
506
685
585
568
827
679
3
487
549
690
512
41
292
506
789
778
554
57
211
393
106
285
544
230
588
731
224
802
477
831
83
272
754
965
690
586
26
500
559
377
184
747
183
427
564
341
389
558
591
76
345
107
815
242
608
343
209
287
277
944
11
460
239
794
279
103
907
737
627
200
787
311
189
466
9
30
161
785
288
702
341
20
113
898
173
970
481
81
885
783
398
820
71
205
436
769
61
659
873
12
457
883
451
720
38
174
1
223
128
982
450
956
441
825
973
71
217
945
863
574
278
423
866
3
45
606
640
63
448
59
784
111
112
997
552
732
497
765
433
514
851
205
808
68
967
379
186
183
336
506
501
547
505
621
244
415
657
355
836
905
485
839
682
138
814
751
592
46
756
197
304
916
700
649
243
207
539
411
837
653
275
189
857
103
319
539
882
683
218
463
260
111
473
683
49
582
162
569
754
459
169
934
524
176
178
750
417
77
992
853
494
337
961
916
37
710
622
938
600
31
595
400
710
397
814
698
696
163
636
470
315
870
949
213
820
746
834
596
889
383
90
243
948
271
861
615
672
282
801
504
642
819
58
775
543
377
674
504
725
903
652
415
723
938
333
343
680
599
554
802
599
840
547
129
802
307
298
779
871
795
497
443
218
591
957
678
376
822
471
51
57
326
98
72
314
477
409
529
48
1000
950
686
234
194
187
449
383
237
876
494
990
904
437
215
315
710
672
572
226
261
872
129
675
964
210
555
310
227
543
472
645
843
970
351
717
842
201
631
90
906
405
43
571
832
412
372
655
221
356
797
226
596
54
778
32
755
56
427
432
731
516
50
976
271
646
337
472
302
810
11
664
731
472
913
726
461
865
972
587
750
334
40
823
484
320
391
971
542
703
51
802
834
34
982
643
916
996
402
954
383
149
470
40
901
427
858
263
950
594
37
966
894
669
217
709
980
125
634
768
260
857
286
676
714
14
4
696
906
708
319
512
128
564
7
567
908
96
846
180
849
282
708
463
870
34
825
797
496
676
143
701
707
190
938
897
540
355
768
61
164
59
315
376
983
156
333
945
274
778
875
141
590
964
522
780
893
149
869
119
853
630
149
597
473
205
303
304
951
24
918
126
119
807
473
802
861
701
389
483
356
286
959
994
306
758
551
242
176
991
748
756
504
518
785
622
109
322
78
741
571
842
609
531
221
494
594
633
887
705
350
490
372
50
598
351
957
381
993
156
599
212
354
411
833
631
449
17
436
678
124
770
79
42
96
627
266
561
412
212
591
124
119
642
706
778
445
657
311
741
157
255
298
270
872
435
319
382
586
586
249
158
150
881
126
909
577
436
200
404
659
260
512
62
548
245
291
174
805
429
140
898
785
875
131
70
528
289
840
18
567
210
26
524
571
444
421
362
277
282
558
414
974
607
296
660
114
73
202
613
11
107
273
423
669
775
565
552
795
986
513
422
722
897
565
438
685
681
51
43
146
267
979
44
707
971
681
63
938
439
578
43
877
137
232
519
293
749
374
796
98
26
108
832
803
739
546
190
293
628
154
799
869
736
704
634
555
127
771
734
54
207
566
578
259
875
866
880
75
602
299
435
521
374
563
206
465
398
648
438
829
584
438
817
412
61
681
563
839
415
462
990
239
975
185
934
517
423
974
733
747
173
607
632
436
454
845
493
934
545
836
404
986
52
411
219
457
104
676
17
401
482
191
815
97
737
237
547
496
871
674
738
209
369
12
295
334
850
1
124
446
775
208
547
145
491
9
553
954
440
452
889
491
574
575
814
540
149
860
310
155
258
876
274
568
507
154
853
462
485
59
124
308
881
114
409
436
960
258
771
635
142
857
249
178
622
498
101
346
575
3
268
649
17
771
721
772
453
934
230
904
994
219
106
466
365
166
87
529
649
901
796
136
178
729
293
64
473
761
887
875
568
715
71
57
737
67
276
197
702
793
721
265
536
964
777
909
140
971
722
149
162
769
430
906
185
885
110
240
584
977
934
465
790
145
787
488
335
965
13
153
655
382
691
308
114
660
24
835
832
741
189
225
934
70
864
223
53
858
833
810
454
709
684
713
977
774
842
306
359
674
472
89
415
61
615
492
874
628
746
639
675
25
555
926
71
324
8
169
698
611
227
254
404
817
662
336
198
512
261
5
288
978
168
100
174
993
191
342
29
807
122
427
269
584
979
783
342
233
565
926
789
580
188
926
922
867
233
779
532
171
113
146
172
125
301
529
668
789
722
154
64
200
829
434
448
540
212
344
43
804
555
971
722
375
715
171
328
83
912
426
991
8
490
285
144
922
866
402
562
165
538
369
599
863
115
445
171
73
378
720
711
693
253
748
226
348
440
123
121
405
460
186
320
865
205
128
199
548
68
984
313
651
459
22
900
627
888
245
747
320
688
553
199
724
786
386
408
917
992
468
6
897
736
447
38
831
581
467
679
358
216
659
444
524
368
919
487
360
767
481
143
399
149
347
594
482
581
116
576
436
339
748
784
931
119
621
944
749
663
218
16
995
118
157
771
497
992
850
480
702
457
263
93
832
375
738
399
869
781
869
428
50
234
433
940
894
492
129
53
307
479
380
901
426
455
533
617
1
901
950
372
982
540
528
441
84
975
431
471
78
938
128
588
767
397
961
288
710
710
406
842
90
641
613
232
972
226
529
885
781
653
552
142
377
314
791
119
514
74
344
216
806
469
850
336
347
944
839
921
455
317
490
427
999
723
45
392
807
348
349
685
311
42
18
876
405
119
900
389
60
118
943
591
954
110
682
928
817
427
314
611
879
192
16
395
624
746
462
757
219
510
418
417
72
81
434
969
680
402
570
361
682
231
341
551
997
14
125
136
445
100
868
334
890
795
38
102
722
973
574
635
613
577
330
345
601
422
592
998
225
25
416
187
578
458
637
414
130
538
547
443
473
44
615
235
894
989
76
335
68
180
693
331
984
529
795
716
454
886
316
589
627
459
279
327
343
138
544
230
580
232
363
278
990
520
34
645
321
795
973
110
440
459
334
739
776
54
803
853
372
949
133
871
227
344
542
222
888
748
922
844
256
978
272
433
267
964
104
111
181
522
617
936
907
255
749
409
221
208
507
134
301
283
47
698
76
841
895
976
153
779
511
448
674
863
352
179
131
622
749
765
435
338
649
264
19
198
93
821
530
332
285
448
255
307
921
576
655
676
44
27
3
426
998
701
432
774
60
949
307
842
959
482
647
599
860
467
566
736
867
237
824
495
146
691
8
708
188
669
109
533
212
911
505
359
612
118
334
297
848
20
359
762
554
489
430
212
321
315
421
903
956
12
275
831
757
308
984
28
226
708
861
489
866
925
166
270
728
723
355
679
958
228
309
281
203
95
841
72
836
740
848
696
700
977
305
71
166
368
462
596
534
317
899
172
16
741
106
155
47
57
742
840
734
930
314
78
346
638
68
641
58
528
169
7
363
409
257
668
701
312
832
763
273
640
409
15
858
524
659
663
944
468
164
849
264
517
804
504
315
147
286
778
5
659
805
835
664
204
168
543
668
622
814
94
909
415
115
733
932
902
247
717
704
648
130
956
815
355
318
496
542
286
374
912
996
115
776
523
891
487
239
464
184
186
691
427
122
216
364
701
484
316
329
589
730
672
308
466
844
942
663
1000
512
750
368
962
582
339
228
188
495
809
63
63
581
380
672
406
451
124
277
277
515
732
548
732
351
12
430
190
273
513
701
824
556
156
465
356
660
269
360
185
416
364
597
787
486
133
194
518
427
851
85
973
482
304
696
39
423
714
860
49
103
367
494
717
837
725
34
614
974
388
428
679
234
736
79
359
414
353
936
160
741
49
460
265
435
433
927
884
259
345
796
219
769
76
222
560
281
429
309
47
175
919
192
212
836
208
713
860
293
751
357
648
636
153
424
543
543
606
253
521
101
793
302
349
905
471
903
341
314
562
847
514
246
56
979
84
562
159
643
776
256
633
408
280
429
284
406
283
551
453
113
764
200
100
599
306
799
412
581
27
930
554
404
562
670
37
322
735
871
635
711
169
905
583
518
274
733
705
572
698
173
160
457
885
307
962
334
679
133
291
352
740
687
859
239
480
579
951
991
861
133
365
88
84
998
23
152
758
586
237
38
568
98
448
58
11
832
485
986
729
324
189
650
692
342
520
330
851
116
289
542
515
62
291
438
338
759
99
95
346
185
188
526
745
805
608
858
994
504
54
481
124
584
795
639
677
487
722
497
361
470
657
243
270
638
597
610
472
332
958
797
741
421
381
413
829
483
365
664
220
176
711
482
713
302
838
335
628
677
929
894
419
872
926
25
461
147
601
52
162
82
641
558
39
154
702
632
344
863
600
139
462
272
190
420
927
129
317
434
31
62
290
521
663
658
679
298
707
754
801
228
659
537
829
442
329
179
56
27
303
666
545
788
239
476
54
395
659
798
26
791
171
603
94
858
463
709
823
417
480
358
314
91
353
507
798
715
575
476
760
8
68
756
373
48
586
50
129
184
454
176
95
705
541
684
402
538
482
53
81
23
499
581
566
781
696
814
432
637
809
351
240
576
120
708
386
959
790
359
563
85
891
93
536
30
544
112
304
565
811
375
529
389
297
847
142
176
842
669
757
540
376
492
595
366
624
671
243
212
632
785
621
632
812
923
65
376
158
122
778
893
41
261
487
325
910
544
142
206
636
506
74
628
951
592
650
248
487
936
399
60
785
334
958
344
441
848
74
309
896
863
799
847
534
102
136
74
373
257
253
285
888
406
284
294
83
461
92
519
404
104
623
302
637
803
614
962
763
324
602
132
478
388
927
242
560
562
125
142
588
764
616
11
627
411
983
11
942
56
917
589
403
481
386
822
102
718
862
98
811
371
662
869
720
652
714
947
483
534
837
216
782
478
90
195
927
951
866
894
392
828
68
693
974
784
692
180
668
106
441
527
8
176
898
176
161
540
844
422
810
12
240
179
896
307
408
236
682
70
787
347
372
832
478
262
722
183
449
442
226
113
114
726
560
795
845
504
680
721
951
949
665
188
884
506
632
608
380
938
834
645
233
890
983
702
943
699
143
660
530
84
440
625
15
361
770
534
436
479
954
266
381
642
853
770
44
609
288
407
103
995
231
18
93
21
959
16
665
828
4
797
795
916
622
830
849
655
37
814
528
659
808
733
999
712
962
509
6
409
234
182
804
303
792
647
972
419
856
53
578
589
798
564
319
349
215
799
145
549
919
143
345
523
392
449
475
928
485
40
208
172
487
965
660
988
713
254
425
627
993
678
567
31
945
625
316
957
936
711
990
831
527
139
674
377
391
900
306
443
759
460
384
304
616
284
414
693
89
951
115
793
421
243
799
203
413
460
168
614
369
228
297
720
902
344
902
915
630
548
422
723
134
299
87
154
268
335
697
691
960
33
47
134
94
278
379
707
634
647
706
27
241
900
164
939
636
274
369
803
944
697
723
171
474
961
142
14
98
697
757
461
143
721
417
407
881
408
466
30
828
537
233
329
577
785
318
889
335
246
807
835
642
14
567
351
545
220
946
980
186
494
503
26
897
613
64
471
130
15
123
475
30
387
225
574
101
67
960
603
70
304
101
450
591
493
533
582
748
782
107
214
775
415
433
504
193
101
578
354
716
924
940
1000
93
528
597
285
474
683
700
803
187
956
200
552
809
29
409
850
765
64
582
504
585
716
398
20
407
830
752
963
867
288
467
20
667
291
251
494
374
758
52
773
156
676
407
31
976
296
524
177
396
247
740
635
892
237
145
825
86
395
209
829
274
98
395
381
582
70
656
65
678
402
172
123
755
398
681
299
792
345
376
539
244
468
820
681
991
651
959
331
13
175
501
287
470
768
898
983
177
258
184
909
375
222
336
109
327
75
499
569
801
782
602
371
412
512
869
914
778
571
825
650
352
202
818
654
777
20
467
165
670
469
61
334
979
367
526
781
790
197
201
949
245
689
761
72
920
53
786
913
333
244
354
384
962
485
505
787
150
422
587
669
6
425
535
53
909
230
698
415
16
270
895
893
164
693
295
841
581
609
2
684
162
847
835
819
115
484
542
548
556
114
759
64
351
32
620
211
433
479
256
878
736
198
666
810
934
215
930
68
664
605
593
887
391
823
6
243
489
884
321
889
128
837
707
632
977
257
426
40
552
72
477
474
794
436
26
433
300
516
284
714
91
606
240
125
75
153
669
6
758
139
765
234
272
915
918
57
722
655
126
518
172
453
271
526
466
585
821
125
250
296
199
909
308
990
244
237
427
160
838
516
78
26
153
127
181
587
622
156
478
53
157
95
447
495
737
919
861
489
237
250
50
81
644
136
544
780
540
962
974
301
734
300
23
562
954
318
361
905
204
948
136
858
489
208
465
278
151
631
463
299
59
493
202
759
122
317
620
144
706
364
66
227
294
275
45
45
455
198
191
539
736
546
337
814
629
141
799
936
402
644
536
664
971
61
655
280
481
771
360
62
663
630
21
924
831
541
104
828
939
763
503
776
138
896
439
819
808
843
85
109
410
144
562
743
214
500
850
212
985
701
384
561
422
606
627
824
610
899
580
264
794
167
247
592
792
875
171
63
315
180
377
247
518
477
468
117
165
848
754
77
457
866
735
418
240
749
460
967
133
927
63
999
434
518
213
122
986
861
42
536
852
350
853
429
332
548
872
849
559
591
619
974
254
592
903
797
233
722
207
834
787
377
856
386
884
913
633
527
553
47
303
872
265
443
28
844
398
209
995
463
963
128
596
857
997
732
694
257
219
421
987
549
413
355
945
365
529
576
882
121
863
804
812
905
452
70
518
533
210
160
10
132
276
60
609
738
953
146
17
479
566
245
830
270
489
82
153
70
309
65
697
678
6
751
164
188
820
78
340
847
935
522
357
297
257
996
32
504
601
215
711
350
324
485
208
432
676
509
323
436
325
334
625
687
947
953
870
18
318
314
892
790
173
177
28
955
206
628
205
402
670
788
738
567
66
532
611
442
694
785
388
10
7
686
662
803
624
405
643
342
194
878
212
215
223
828
207
605
395
448
37
430
988
625
451
549
356
336
468
991
294
58
996
647
252
863
26
629
676
555
904
343
983
199
420
353
93
255
203
224
204
753
146
183
903
468
556
783
878
732
917
701
707
959
385
982
277
869
461
943
834
202
626
151
4
281
848
389
456
957
685
537
835
77
287
130
21
350
199
345
796
480
109
958
743
232
29
41
19
133
46
752
353
502
416
641
995
880
762
559
996
126
464
182
771
652
985
231
831
456
676
161
469
155
904
231
505
682
497
393
899
952
102
33
164
248
602
276
327
282
830
574
32
892
571
400
916
937
369
748
797
400
673
674
867
201
835
387
807
632
924
2
166
49
319
634
456
427
700
668
722
293
65
991
847
988
80
607
264
359
993
889
315
119
485
803
54
562
668
629
550
579
621
167
837
428
55
331
767
703
351
754
363
745
29
32
906
394
702
191
585
886
190
124
413
86
354
873
140
308
946
463
164
248
900
728
703
479
138
377
469
506
98
909
617
96
469
739
290
4
714
6
828
766
120
685
763
780
615
912
646
336
707
784
344
163
564
524
232
346
765
108
475
710
898
399
745
821
289
355
237
209
738
950
694
96
774
440
442
500
225
339
534
454
895
945
285
820
348
98
121
344
448
908
627
187
555
561
943
692
399
559
417
308
577
302
946
819
784
428
579
631
593
648
880
252
101
162
340
731
956
944
233
542
119
240
842
262
232
68
520
707
473
333
943
279
772
645
623
660
406
757
796
594
950
80
973
868
389
72
136
54
708
153
442
325
830
539
285
797
373
10
612
483
648
546
234
200
442
98
141
789
548
678
370
966
519
344
808
461
992
829
772
753
655
492
658
602
559
591
383
120
919
744
6
733
782
393
213
639
806
69
836
207
1
121
950
324
460
225
592
728
771
980
675
587
319
383
970
809
819
368
560
146
311
438
961
649
245
389
678
536
430
21
405
90
621
794
406
215
315
20
664
573
455
63
851
39
661
264
259
730
223
879
618
237
98
683
282
970
564
257
740
464
994
712
590
537
957
747
30
729
96
636
85
839
885
32
974
410
21
118
698
253
510
436
59
547
72
880
556
890
263
470
861
221
997
224
405
560
973
486
127
353
894
378
732
34
599
259
927
874
364
699
623
93
664
753
266
675
45
234
386
872
612
775
723
702
190
614
26
539
510
462
509
232
713
436
674
310
719
97
346
17
914
45
325
278
311
503
362
89
893
351
957
295
581
658
685
394
371
983
894
780
223
195
240
408
323
33
228
641
883
575
236
653
915
462
999
766
364
855
72
327
862
599
265
640
137
883
323
228
70
254
703
463
449
187
585
60
865
913
842
28
711
678
209
724
903
133
504
502
153
960
476
164
648
667
158
859
857
902
173
706
242
707
8
811
283
190
951
987
179
173
370
638
193
456
675
876
610
587
86
355
176
563
628
560
443
584
766
327
219
179
282
769
114
416
838
831
755
679
861
318
500
368
759
203
303
629
703
57
723
19
432
385
539
446
355
109
361
749
300
994
954
961
623
709
91
341
134
589
701
541
552
979
245
880
28
111
950
983
539
600
97
178
764
836
984
200
682
334
518
186
564
871
485
500
63
288
162
946
712
414
67
91
259
807
957
777
413
506
5
753
606
370
849
515
581
48
650
227
489
947
987
455
598
727
128
456
388
537
613
715
184
711
736
986
414
389
53
885
544
527
227
493
812
147
978
643
666
896
745
591
565
316
739
220
381
442
784
77
380
450
771
614
948
288
493
549
599
528
826
637
681
311
570
474
49
95
177
697
317
526
573
684
964
664
639
634
706
165
708
284
175
594
950
572
820
277
870
714
924
81
866
70
771
129
962
616
804
418
461
343
701
274
202
725
111
360
281
105
759
945
383
864
985
229
768
104
628
346
763
807
290
15
299
548
723
44
991
898
695
937
347
880
824
322
621
590
865
277
813
138
815
437
861
877
236
79
640
468
241
940
692
63
671
18
51
775
302
623
384
860
682
123
437
588
399
869
350
841
683
369
635
245
91
766
345
340
694
682
5
453
320
686
183
91
918
854
289
421
818
896
919
508
971
13
641
38
482
904
774
31
760
319
788
70
575
392
913
900
254
273
547
187
117
796
728
308
669
749
528
909
261
143
171
167
488
258
169
451
981
228
9
1000
288
167
527
135
5
805
906
906
568
860
608
47
567
854
835
33
660
249
881
424
621
49
226
695
124
749
136
422
483
530
629
434
543
828
400
880
441
558
709
429
218
612
223
29
357
650
87
835
424
759
853
354
448
945
441
335
481
648
242
787
601
788
725
848
425
760
460
99
558
964
205
309
899
981
254
164
60
305
653
779
471
23
996
376
630
305
688
789
887
949
189
666
598
115
284
11
157
987
915
789
476
91
958
882
188
334
2
885
259
724
708
233
776
99
414
603
86
552
969
596
678
820
186
503
279
347
474
483
363
745
775
949
180
616
302
159
952
432
916
417
236
622
278
567
555
952
414
414
639
514
457
270
739
833
625
142
42
498
346
735
182
272
90
37
970
383
37
202
217
885
935
733
275
204
340
148
965
136
590
922
502
12
170
451
34
521
300
787
336
810
773
469
132
156
645
504
882
533
70
633
942
865
374
249
703
456
605
186
811
654
305
845
952
309
813
129
666
892
349
514
797
212
729
840
49
842
731
524
907
625
662
40
714
588
231
587
181
235
834
623
399
101
337
130
26
720
377
241
493
373
249
693
442
301
264
19
604
892
118
615
505
268
310
576
175
935
554
699
548
623
375
810
627
657
841
775
715
396
183
368
178
901
858
42
239
974
482
809
965
710
676
795
946
369
494
572
385
511
309
120
655
625
227
254
847
988
997
351
467
528
361
76
338
599
506
396
964
873
694
79
836
28
83
804
860
839
604
986
797
946
293
696
397
665
438
746
525
708
185
105
440
131
914
297
209
12
513
412
968
464
65
195
773
296
9
110
162
439
86
491
689
894
966
873
204
430
228
988
463
490
127
322
185
469
25
140
204
215
787
600
412
598
374
144
471
927
974
603
920
254
172
508
297
540
342
582
635
349
665
466
384
183
683
452
385
262
310
150
593
632
832
15
613
963
457
800
713
168
980
938
747
865
42
973
692
438
228
403
221
849
337
193
217
730
361
548
863
416
15
384
740
789
598
645
155
249
480
684
428
890
449
932
251
124
399
693
689
605
205
2
69
280
20
539
628
870
597
329
834
605
114
723
636
84
951
552
284
891
135
703
992
426
138
40
294
296
434
111
681
465
205
362
184
295
948
802
814
284
450
224
127
961
945
896
234
683
533
17
561
665
418
160
740
711
407
35
726
969
538
769
743
58
942
728
855
847
186
130
976
324
133
767
426
633
39
529
56
479
212
997
490
988
998
683
3
666
2
509
169
246
210
374
117
359
441
421
335
592
69
113
636
390
935
906
515
361
912
747
295
254
931
424
776
958
247
869
201
779
886
244
944
338
806
497
62
170
451
930
866
337
118
248
629
997
334
303
979
752
410
616
364
517
936
437
153
848
755
216
765
545
103
327
471
693
772
756
638
311
576
7
509
119
847
380
795
430
515
652
863
986
217
623
558
884
899
529
480
411
214
523
221
45
254
704
484
144
71
928
751
87
184
839
540
56
690
629
329
932
869
779
196
275
415
340
818
522
884
11
51
412
772
929
950
973
186
115
679
669
500
720
587
60
43
754
921
125
154
498
199
357
457
677
742
308
342
908
840
447
489
109
672
606
300
221
663
105
196
610
648
210
663
574
717
566
114
263
388
986
752
732
316
702
484
274
496
569
153
94
604
568
454
90
610
111
619
213
644
460
412
4
662
122
831
444
638
252
564
839
377
472
791
469
530
626
466
90
870
701
153
576
836
511
614
23
884
895
868
617
97
808
198
285
264
611
164
759
123
142
99
852
502
317
59
54
807
163
872
423
540
909
312
740
180
901
289
427
175
299
431
517
756
959
498
835
501
368
825
132
90
820
82
799
412
724
144
214
238
689
179
678
350
941
452
66
428
882
31
218
276
906
629
746
375
861
558
837
567
868
284
151
205
358
391
61
427
276
776
259
271
951
520
556
294
484
125
665
389
814
142
224
62
873
65
624
504
393
15
193
947
110
90
185
677
675
51
406
809
656
698
493
711
836
279
183
81
508
725
850
557
303
14
363
309
963
673
238
572
640
262
434
878
545
813
275
697
643
120
632
429
278
829
398
631
829
251
652
812
845
208
557
463
703
406
199
109
764
845
373
449
452
294
750
746
425
556
772
180
232
302
327
49
536
410
831
333
680
89
663
164
96
369
156
928
347
889
196
197
975
538
284
349
98
959
430
600
976
973
168
267
939
530
811
250
206
817
957
779
127
55
818
298
144
703
870
404
209
722
698
75
799
189
77
776
893
459
689
36
916
667
834
720
965
421
263
626
774
571
885
891
778
351
164
199
265
468
979
69
658
29
234
669
48
183
422
119
221
850
640
557
252
692
182
59
455
917
219
512
947
956
782
806
60
518
857
162
384
817
405
618
315
383
936
471
749
634
856
870
745
776
41
739
796
921
753
574
98
977
542
890
161
457
193
959
956
885
377
249
11
561
425
319
229
588
788
340
664
775
234
632
586
507
695
758
335
641
663
16
115
90
56
627
992
881
249
793
563
770
30
677
731
839
877
966
307
941
540
760
316
741
19
948
647
442
569
524
973
517
330
960
279
578
30
829
907
190
479
316
412
402
827
614
588
228
462
655
917
585
631
66
6
924
645
879
266
350
260
71
126
812
558
217
982
286
178
50
688
881
125
776
190
244
150
8
527
322
482
56
641
936
933
628
876
772
166
44
762
257
965
267
680
176
564
146
168
874
945
484
657
951
28
72
277
463
333
275
610
502
74
267
646
645
388
311
254
591
322
409
374
242
262
687
813
468
289
76
844
627
291
483
28
981
88
367
779
672
456
859
744
780
178
872
533
506
69
349
191
620
711
776
459
350
38
270
594
177
407
6
68
641
666
133
542
648
58
272
433
866
921
603
341
435
672
314
36
862
29
104
987
1
571
122
391
841
558
349
113
952
480
32
560
300
490
260
151
128
144
23
56
539
825
256
782
199
437
921
267
558
97
102
82
349
829
909
974
691
134
80
961
952
857
410
177
750
341
70
707
230
339
939
355
399
124
86
857
881
945
896
442
281
487
553
370
380
804
837
419
372
305
427
723
764
980
499
521
507
786
810
658
786
349
16
167
397
505
347
739
754
94
851
121
639
722
189
548
667
605
181
566
304
138
554
747
2
595
37
276
59
462
160
736
2
362
608
265
345
372
253
248
991
824
320
36
941
428
363
953
414
247
229
306
349
769
101
141
986
894
235
880
297
192
865
783
403
537
139
223
348
815
235
958
412
634
381
561
342
343
156
744
545
633
833
463
497
757
153
334
847
977
431
558
183
787
644
366
395
662
691
264
548
358
168
207
447
511
724
404
902
115
512
654
911
549
215
459
362
605
313
915
628
246
626
357
778
511
859
593
546
96
612
381
432
816
393
183
453
400
197
337
154
313
26
996
187
551
919
590
264
522
439
912
661
520
289
436
50
910
91
235
55
16
200
888
147
608
445
680
384
891
414
894
939
352
175
389
14
941
759
875
801
873
791
211
147
897
957
267
749
62
606
671
752
259
710
992
981
178
893
27
983
791
111
885
297
721
375
660
893
752
713
436
833
273
568
597
284
376
843
236
226
261
785
136
80
887
93
542
625
32
487
685
693
905
481
988
834
889
973
943
62
39
391
637
702
798
711
956
547
12
463
278
954
816
294
172
293
851
357
228
871
990
465
544
302
325
43
519
28
141
610
201
261
277
823
29
252
649
534
177
888
794
753
758
577
41
509
386
510
391
638
603
698
972
114
415
916
356
615
767
187
296
434
50
914
757
5
627
902
456
860
664
375
886
123
15
259
447
494
866
284
584
195
628
218
19
163
467
933
27
481
530
481
134
647
664
28
446
787
789
463
81
455
13
753
974
967
866
217
730
561
431
349
529
271
341
436
268
609
698
27
720
285
35
880
373
84
122
721
527
775
949
846
617
495
413
456
526
249
819
955
38
69
475
680
702
59
850
586
517
753
405
595
26
161
506
83
965
221
780
542
959
226
6
828
890
234
495
585
916
192
325
552
651
367
590
251
245
776
87
552
633
800
694
478
760
561
359
56
292
776
854
411
765
490
204
165
183
650
653
455
419
653
27
344
127
269
154
330
103
66
830
642
263
522
420
1000
298
903
176
742
447
592
751
533
244
93
390
968
491
415
720
923
677
324
440
756
47
187
98
683
783
632
333
409
136
671
179
723
889
611
958
418
376
473
843
637
492
624
311
585
881
787
914
224
396
579
65
176
500
87
557
19
594
354
417
616
399
434
221
617
14
437
422
290
706
108
473
304
828
550
436
290
349
142
30
167
278
994
290
49
242
570
454
137
724
952
573
142
501
526
840
201
465
216
117
559
872
54
545
930
313
904
293
993
946
379
88
602
229
428
495
365
819
606
156
148
832
630
10
476
908
681
26
229
133
682
655
915
223
555
724
896
615
601
982
152
255
798
43
885
364
85
619
121
671
708
34
329
650
714
=======
799
734
397
898
834
943
596
229
252
26
329
340
176
759
973
606
958
158
45
324
900
488
251
486
770
962
884
728
25
187
731
90
718
32
677
538
684
53
356
826
468
415
823
352
457
179
360
156
656
405
856
165
98
875
894
412
782
604
311
404
971
615
555
607
631
304
631
379
746
994
304
457
468
836
42
901
655
900
314
871
652
888
343
717
301
369
980
125
620
472
359
815
482
651
883
297
278
990
858
986
958
428
548
115
865
803
229
485
55
566
863
402
601
46
574
434
586
436
191
48
381
861
76
450
531
157
668
262
41
74
244
637
856
8
181
47
314
527
220
269
591
978
507
89
821
867
418
231
428
488
318
581
617
660
151
142
894
30
85
21
114
921
882
744
145
593
61
998
595
293
386
232
365
732
221
489
304
269
952
25
798
67
1
395
132
705
682
635
446
887
812
897
521
786
937
279
71
308
515
743
326
147
928
500
25
685
353
132
34
800
153
712
451
248
79
220
168
200
90
41
293
85
534
630
604
929
405
637
740
318
843
929
482
99
819
795
694
222
495
45
41
444
730
284
504
919
149
107
190
181
734
283
39
88
355
609
334
388
380
466
800
933
805
238
542
79
927
971
988
292
960
701
583
236
834
661
938
837
112
926
633
6
299
120
995
76
830
999
746
242
680
895
350
54
763
293
84
820
482
534
364
429
277
106
122
631
260
619
376
229
502
756
982
163
352
26
717
488
83
539
129
248
219
519
387
274
526
962
704
590
587
907
286
550
4
369
990
444
802
736
339
804
355
368
730
612
783
807
320
512
742
238
892
120
834
71
81
179
149
293
204
733
369
510
917
943
268
196
688
407
797
96
351
357
886
223
568
439
644
327
521
895
488
631
216
176
955
410
738
525
660
46
142
808
167
808
266
113
908
383
39
618
742
460
773
601
597
543
771
374
767
985
674
521
330
918
677
813
963
479
746
193
491
10
249
564
110
839
523
571
587
161
585
415
802
437
982
680
370
231
78
981
535
714
137
751
604
649
283
912
645
234
528
689
582
296
962
126
989
111
261
524
5
944
771
758
938
893
69
444
295
800
444
609
756
442
304
841
892
487
353
865
862
429
41
179
520
664
844
57
52
780
788
375
421
176
705
570
930
454
185
692
699
944
534
4
251
370
886
517
984
171
202
658
246
411
175
136
34
921
172
805
478
436
926
710
524
961
425
498
374
24
9
202
748
425
366
643
631
955
193
812
547
941
588
665
560
525
204
622
275
879
706
260
521
537
262
750
740
178
823
153
774
94
525
453
351
651
729
937
480
212
78
371
765
575
494
784
186
924
28
876
859
213
740
395
120
292
536
588
140
139
391
479
931
790
285
856
259
862
951
571
722
282
226
138
951
773
319
898
172
783
670
87
598
24
634
583
526
734
679
38
107
188
542
849
583
501
430
240
944
908
685
324
419
341
612
133
792
874
3
399
232
324
586
402
328
336
722
674
767
624
875
574
667
115
152
174
231
154
857
851
420
124
269
170
139
600
522
248
963
482
890
594
427
893
883
232
25
328
733
695
397
732
997
942
981
752
3
829
663
704
846
155
80
805
409
860
410
283
386
887
594
69
131
561
85
85
173
352
526
631
938
532
358
250
721
68
922
348
711
515
322
940
176
834
17
906
819
253
169
243
394
677
268
487
579
132
783
987
937
591
42
389
694
231
566
912
969
270
988
111
871
884
433
681
717
780
191
425
111
415
793
446
688
825
658
220
833
501
376
425
880
315
136
700
671
331
282
17
825
24
38
935
735
415
357
999
252
508
256
983
833
404
271
445
598
462
736
75
779
414
60
204
91
951
417
67
949
916
181
748
358
642
706
579
677
786
644
708
41
299
951
345
393
675
194
720
33
79
63
862
720
214
632
690
949
944
694
738
343
570
488
703
683
778
743
561
132
303
285
477
482
995
255
806
535
253
218
297
956
552
187
957
809
659
73
197
601
677
440
347
824
884
309
903
7
935
881
720
377
906
350
925
285
167
555
786
152
305
993
257
473
873
209
300
778
742
65
276
119
818
317
16
179
614
828
144
696
277
688
366
289
488
655
593
938
580
526
278
26
860
406
354
17
407
171
2
776
486
390
513
182
627
994
999
616
877
564
747
28
427
569
874
741
666
235
318
400
760
882
616
250
263
944
38
530
448
98
311
243
441
172
761
120
122
532
437
473
906
852
452
12
780
479
912
138
140
482
738
330
447
900
92
611
108
357
821
593
56
904
152
920
707
68
794
582
686
235
632
422
501
890
532
15
278
460
913
508
190
237
43
632
241
170
273
564
74
999
198
954
155
875
857
77
213
305
471
445
618
833
490
770
404
574
928
679
823
606
46
429
159
499
943
920
998
487
993
291
637
546
954
651
800
512
626
384
710
699
254
409
668
286
359
5
62
217
244
866
177
891
940
649
790
74
4
790
217
643
562
613
741
975
106
651
156
618
908
821
209
8
401
757
652
669
998
525
786
802
849
722
213
388
566
757
464
15
843
503
99
158
434
396
630
200
307
842
606
121
813
902
666
447
420
701
689
876
974
901
514
997
913
215
913
480
642
355
585
405
70
721
822
501
897
944
965
326
878
340
964
641
858
627
556
539
153
724
975
415
96
936
984
875
20
307
270
48
100
794
798
90
761
898
245
21
381
933
210
211
363
989
122
989
254
780
307
503
373
336
625
754
462
598
441
827
435
541
627
905
191
611
422
806
972
425
973
539
718
14
688
631
318
851
325
635
783
234
854
297
176
733
646
328
614
894
602
279
199
136
1
672
322
51
271
633
620
963
197
834
449
169
422
497
671
6
808
150
560
18
40
76
209
644
87
459
796
831
498
259
250
486
897
39
521
598
811
431
985
588
30
811
198
24
510
74
557
62
729
112
72
394
464
711
497
638
759
764
471
725
966
684
815
662
763
679
900
64
987
684
584
635
167
55
436
421
658
726
287
690
933
856
789
680
518
980
71
283
195
367
211
513
145
510
136
843
377
715
5
616
774
556
114
411
165
202
549
116
900
216
894
260
151
531
998
702
146
62
984
720
876
448
363
445
709
958
102
771
301
125
140
459
576
295
968
670
359
936
192
25
516
174
880
686
855
981
857
270
912
933
768
869
665
312
113
14
715
441
553
294
860
187
350
837
29
833
224
286
424
260
48
336
158
451
954
268
801
763
170
291
141
619
110
434
859
810
335
880
954
65
603
607
145
656
454
970
455
848
363
110
236
888
854
221
343
493
920
142
89
906
465
104
638
500
290
23
766
564
23
808
214
935
741
404
8
404
31
925
901
518
468
721
95
657
546
685
435
740
654
587
134
345
376
640
745
35
573
644
370
366
477
292
731
35
633
14
951
967
756
809
472
799
524
505
26
759
627
665
367
497
725
780
843
428
31
940
6
307
590
774
951
702
419
81
43
612
227
818
157
808
524
6
126
203
740
828
477
727
148
349
688
325
986
429
108
249
434
793
96
545
330
244
993
184
851
858
809
597
101
574
984
917
41
813
116
73
905
685
243
287
829
908
360
35
276
884
679
109
238
216
431
376
753
740
580
639
974
417
459
527
678
361
880
253
148
83
215
456
761
189
853
775
81
571
702
273
552
402
509
681
106
231
746
598
564
771
800
248
933
608
147
315
370
57
57
684
199
498
519
917
535
995
76
106
409
617
251
718
225
680
563
266
222
40
946
503
63
673
433
413
59
977
829
559
947
70
861
780
978
793
164
288
632
618
118
259
616
990
337
453
881
939
71
525
546
463
43
630
754
63
612
99
903
547
871
28
371
586
223
215
32
54
843
879
37
910
466
409
567
724
83
48
430
146
41
672
258
14
834
485
423
937
373
411
970
194
454
987
665
896
588
339
985
506
159
314
317
206
512
530
423
205
965
553
587
586
870
66
980
90
728
332
469
90
915
424
135
650
164
634
79
929
847
959
126
302
73
219
346
733
158
295
607
50
77
336
357
792
151
901
913
121
449
409
852
491
716
526
779
103
202
651
739
513
441
231
73
885
367
248
322
292
333
456
45
549
851
919
722
895
882
880
114
319
594
17
214
99
501
121
841
280
140
415
661
263
225
500
545
802
547
593
73
93
65
614
796
342
12
658
561
627
94
20
195
862
776
487
468
586
377
487
723
395
54
476
519
647
731
258
324
738
513
106
456
957
852
832
673
399
517
318
293
40
860
95
779
925
218
245
536
148
226
321
983
998
188
425
314
103
965
332
709
811
95
177
477
401
399
159
543
490
329
620
863
942
303
569
907
221
905
51
803
869
979
349
779
776
207
699
648
124
933
636
365
263
177
484
395
929
859
182
2
303
270
644
488
166
152
752
473
106
106
919
988
478
684
904
398
157
672
847
692
570
67
960
875
929
968
191
430
898
287
16
948
370
935
490
122
895
191
72
999
617
391
748
12
509
919
882
425
337
35
860
754
529
670
179
800
942
300
478
967
784
583
597
530
431
199
10
120
228
677
895
285
214
24
167
146
366
458
851
40
279
868
147
890
776
152
542
118
444
168
446
495
865
503
276
484
409
232
803
779
401
294
709
415
333
94
826
143
410
189
247
737
364
782
886
232
655
739
977
361
734
895
280
69
881
322
322
45
74
174
547
543
773
56
514
586
800
342
817
351
90
692
448
505
436
21
778
267
741
431
226
926
860
801
629
644
27
461
10
840
619
775
345
655
640
721
86
455
806
987
863
961
163
293
108
885
328
743
807
177
854
81
225
1000
929
163
910
26
829
134
300
46
830
262
371
83
398
525
765
324
135
986
104
68
655
342
892
303
241
431
251
106
883
559
966
391
757
648
704
899
970
278
193
355
762
448
201
486
216
27
327
682
461
962
137
803
264
564
670
67
442
457
838
126
664
551
688
229
417
419
86
851
541
651
685
631
490
118
141
771
223
120
472
348
766
299
498
442
241
919
434
130
944
807
789
798
963
776
784
143
603
912
753
147
61
606
98
829
460
204
421
412
822
208
43
568
173
483
73
588
197
88
62
529
498
862
271
504
240
179
828
597
846
624
537
597
770
67
281
342
871
35
989
645
696
66
326
323
365
901
772
224
488
344
617
513
654
179
401
922
711
136
669
880
588
443
683
665
345
954
999
806
929
802
173
666
141
482
954
301
451
473
92
746
401
136
453
325
400
107
989
302
705
608
751
63
747
957
135
288
559
441
1000
538
560
948
342
924
436
334
874
421
791
567
46
126
299
573
305
535
711
556
462
784
80
904
785
760
432
953
400
928
933
92
971
902
709
803
738
382
336
517
691
466
853
928
408
546
630
641
375
337
197
401
741
36
206
889
590
505
310
741
850
856
432
275
392
695
447
356
709
119
679
413
24
473
101
967
344
351
988
228
535
230
670
260
643
109
491
692
207
515
884
394
43
289
58
298
593
758
12
823
626
975
162
100
365
588
603
388
69
950
759
283
974
531
417
105
84
445
287
759
148
841
633
566
609
832
280
793
794
533
635
725
212
647
455
916
32
860
315
701
986
143
505
433
146
405
416
973
39
510
363
41
34
506
210
68
985
253
989
775
100
807
377
442
70
984
764
193
161
256
264
742
510
161
763
162
811
688
232
596
719
978
944
280
292
93
904
164
283
132
108
634
152
820
725
532
887
693
882
704
342
672
921
414
615
921
605
171
199
11
299
27
558
324
601
772
495
250
977
460
77
16
877
77
31
202
904
523
576
960
386
917
509
581
871
280
440
407
592
880
253
785
917
100
458
799
272
531
930
781
473
664
853
682
730
645
252
425
488
103
671
676
497
509
271
814
148
754
230
72
860
863
33
167
483
631
911
300
61
17
928
118
299
885
975
234
640
163
820
116
724
933
3
581
743
180
916
569
339
338
146
266
838
217
471
424
769
552
90
565
596
385
540
348
727
894
218
945
817
441
975
784
765
620
127
739
844
532
298
724
402
481
776
97
213
878
490
610
84
678
740
925
63
179
240
609
725
203
500
470
238
446
592
247
297
593
117
138
568
49
987
196
507
648
464
892
700
428
399
340
300
824
382
670
520
208
863
365
502
700
491
17
282
6
8
418
103
46
763
633
971
618
222
657
598
252
738
408
437
251
402
841
546
625
933
525
402
105
826
896
554
933
807
890
489
35
858
138
604
547
438
184
317
500
485
495
292
394
26
429
251
167
894
784
712
118
178
590
22
837
145
476
499
814
664
350
897
818
308
959
258
397
115
447
62
937
886
617
731
499
638
563
799
606
493
102
380
123
306
790
730
376
586
717
316
901
533
288
578
25
971
1000
865
271
462
931
170
730
807
667
604
649
819
994
293
439
652
6
790
386
629
176
219
462
185
610
26
385
399
865
377
770
303
128
248
912
863
990
630
418
286
384
143
977
774
503
696
615
437
513
106
239
2
820
690
264
974
216
236
379
669
989
736
618
910
665
50
222
709
828
394
316
237
175
280
681
775
348
625
965
414
731
859
161
119
372
466
279
664
68
259
558
823
158
722
531
238
931
40
120
694
502
730
933
506
621
765
633
654
292
653
612
469
756
946
754
617
984
33
458
852
832
969
273
156
474
865
10
704
900
815
364
934
487
307
142
260
864
47
47
11
286
65
248
940
27
48
734
715
603
519
375
848
745
543
280
688
148
885
821
330
59
169
706
847
864
211
284
430
573
81
384
672
950
222
886
912
663
679
562
166
32
58
455
285
212
437
152
258
603
273
937
837
766
987
517
176
31
553
67
927
744
348
188
659
481
691
894
178
314
266
168
175
181
462
853
819
424
888
702
831
581
174
127
841
245
718
441
568
1000
480
531
732
957
74
363
427
123
988
690
282
874
43
272
191
605
171
864
378
291
86
244
65
786
247
89
287
165
239
39
511
507
779
819
974
174
183
415
46
439
620
826
572
314
99
753
636
524
864
641
222
826
699
657
336
710
888
695
369
124
868
256
377
709
987
955
297
953
465
135
440
947
274
908
766
419
922
389
177
149
925
617
438
386
560
113
705
306
714
699
274
131
94
154
892
145
642
927
670
535
418
839
770
111
959
884
62
913
590
917
113
884
845
482
126
672
278
485
726
741
330
2
574
20
303
114
122
258
310
730
608
466
660
641
529
284
753
725
230
738
803
116
981
114
151
22
254
398
257
869
939
981
568
726
777
942
733
250
897
473
425
901
702
482
842
864
478
672
376
931
656
664
34
946
869
879
427
422
156
86
228
946
373
392
234
990
481
620
566
356
267
270
488
240
530
120
905
996
790
336
806
55
319
490
575
848
156
187
166
254
880
665
504
456
552
177
735
458
998
742
10
883
729
652
700
634
615
525
643
580
138
486
783
911
693
74
747
958
137
874
275
768
146
738
235
759
777
176
542
624
795
459
508
43
825
702
61
784
959
54
124
633
114
502
278
659
812
354
527
916
317
277
763
764
9
625
204
870
226
745
419
817
213
201
77
652
93
719
901
993
55
360
507
398
698
408
58
702
776
960
544
784
58
384
653
873
842
569
518
755
779
85
361
976
866
517
86
377
921
628
776
216
52
878
660
277
511
40
663
969
839
699
372
856
220
529
246
813
275
200
439
991
817
354
35
540
279
929
695
742
983
241
82
515
288
322
137
82
138
116
419
483
824
671
83
396
155
336
948
481
816
571
167
624
188
611
335
371
556
406
704
847
152
190
857
506
686
604
6
112
276
23
198
640
411
866
680
641
855
337
313
905
119
876
954
957
605
344
397
86
735
558
93
33
378
932
543
103
314
729
795
830
541
763
114
42
225
280
176
312
158
465
287
485
796
561
140
732
802
103
276
789
808
923
197
417
901
984
546
221
513
194
555
309
935
387
63
843
325
895
454
7
995
786
211
581
521
857
387
4
18
150
470
833
111
789
548
540
652
65
610
770
454
625
51
909
425
50
934
532
388
222
107
526
199
153
340
812
517
30
466
822
555
913
260
939
403
846
842
441
412
143
530
900
185
525
932
888
686
426
775
528
207
675
179
402
519
177
494
978
747
846
687
154
353
953
263
514
844
490
119
715
504
873
724
965
286
484
194
614
630
142
14
157
566
150
736
649
863
832
724
804
236
351
652
605
305
959
582
821
357
443
346
490
876
763
938
846
7
154
345
107
47
767
240
518
409
602
205
235
654
895
602
601
52
490
235
703
689
306
910
369
251
26
524
66
136
220
209
168
633
255
392
65
525
282
462
919
954
164
976
965
437
603
191
821
97
189
320
755
929
599
758
967
918
364
417
339
337
419
290
458
23
807
838
610
947
558
331
121
98
173
108
949
501
202
490
595
978
16
758
587
576
709
958
777
980
777
780
307
651
273
269
822
774
773
575
591
195
938
36
225
310
221
526
679
392
504
586
95
356
296
835
238
99
672
467
279
892
359
816
474
688
389
983
729
428
791
661
614
149
509
882
99
30
241
778
377
236
878
3
992
661
342
228
911
502
312
685
776
946
375
790
253
747
193
741
374
93
917
875
176
723
964
3
205
697
84
853
370
670
606
695
451
398
746
953
633
962
692
52
619
825
870
472
206
639
883
330
881
244
502
20
505
629
961
320
727
281
85
992
839
47
963
738
321
627
304
981
152
124
603
505
881
425
845
10
426
453
61
953
858
794
426
690
765
672
954
898
82
25
383
667
193
436
294
297
651
289
979
6
102
220
742
991
797
533
912
55
995
439
577
497
106
515
105
910
890
78
817
795
15
367
141
603
489
94
302
636
537
510
34
25
309
205
387
604
419
70
428
753
29
330
600
382
320
261
503
252
103
68
778
279
31
3
328
43
444
308
703
65
210
776
208
314
697
725
384
838
535
10
107
471
926
134
670
96
89
147
196
165
5
896
811
98
781
385
587
362
645
702
475
153
417
37
106
542
116
680
38
961
849
306
518
326
931
668
403
976
16
281
400
137
768
93
894
612
777
728
730
996
420
115
346
198
141
79
204
490
842
110
38
760
460
449
629
232
942
319
700
637
615
928
129
341
656
326
779
262
504
489
352
868
133
217
238
199
877
64
332
731
737
797
71
619
423
778
334
741
98
496
134
306
572
585
703
698
67
722
982
124
634
301
741
293
488
372
819
780
18
460
628
528
684
673
797
255
851
259
459
9
779
382
984
594
4
403
826
512
582
734
678
429
603
431
579
157
867
403
510
189
718
421
977
851
868
386
667
204
251
39
193
831
599
457
858
231
107
457
446
58
886
733
62
814
718
178
713
480
153
716
131
188
933
754
896
141
827
224
767
34
378
791
380
660
192
721
759
543
995
963
612
72
414
711
667
489
135
807
768
733
680
550
269
592
783
96
294
944
433
294
988
949
677
553
867
83
421
467
161
198
116
54
94
489
882
955
511
504
31
212
212
267
479
906
727
431
646
156
202
380
776
51
604
699
445
100
592
782
491
279
305
133
281
73
745
215
75
552
605
373
75
436
753
459
369
394
575
133
324
294
458
273
325
380
813
255
539
416
482
586
917
566
147
791
665
328
237
447
616
71
273
294
392
858
809
500
840
269
504
841
50
127
265
249
964
921
929
723
274
275
273
673
481
958
845
108
1000
920
129
410
580
859
941
347
24
197
220
42
703
46
744
273
18
989
743
192
885
928
290
200
235
675
219
56
413
920
432
610
424
476
915
762
846
462
136
88
163
554
767
534
943
359
295
896
877
526
256
738
158
172
654
310
839
226
233
376
663
162
840
952
443
642
4
697
757
208
540
510
539
961
739
460
256
402
792
269
180
286
323
437
248
650
892
916
512
256
118
64
656
213
242
752
357
456
730
750
449
928
699
37
137
166
160
90
583
827
479
83
66
576
730
944
958
686
936
92
960
627
289
375
525
134
867
920
734
58
415
635
763
599
807
219
407
258
886
853
597
91
164
925
438
967
474
305
711
578
82
239
73
263
387
24
408
836
793
449
712
137
890
570
311
291
206
25
688
227
453
444
598
228
815
447
511
632
463
799
169
894
164
715
356
272
507
342
562
259
534
75
345
675
54
451
305
642
962
444
36
283
352
510
173
192
695
573
264
60
630
400
569
833
403
246
588
125
241
529
87
202
84
391
855
119
833
778
54
749
609
409
563
445
336
858
901
540
708
421
944
835
961
497
821
355
362
562
826
226
895
893
256
711
461
597
225
830
534
923
204
676
953
566
865
756
87
859
283
550
90
772
81
6
439
716
969
130
169
361
485
971
418
79
805
487
155
686
764
864
792
968
537
156
393
255
322
66
41
721
143
555
661
599
854
163
792
226
525
829
722
716
451
86
47
185
744
151
107
141
750
29
716
809
787
500
270
419
971
976
45
825
856
453
88
41
711
871
812
75
418
199
120
30
530
419
75
162
678
273
589
840
730
975
133
499
144
516
718
518
615
855
127
716
214
564
687
548
833
985
731
604
288
663
350
883
541
386
834
437
124
224
800
744
15
344
380
254
376
663
525
810
92
237
66
147
679
955
252
924
958
396
594
167
862
612
164
532
120
892
979
227
843
953
317
232
474
179
421
314
648
903
434
605
815
82
569
524
992
504
257
286
310
389
570
315
618
363
13
435
929
514
293
580
316
913
224
839
775
117
842
638
598
528
84
154
731
749
2
316
573
494
889
969
765
555
85
87
568
767
354
3
824
181
507
625
73
542
196
701
211
457
910
947
657
496
622
628
14
547
375
145
235
212
400
605
308
950
877
273
783
109
976
33
372
714
845
418
273
96
255
120
123
142
823
910
597
357
989
885
351
780
515
467
836
868
322
407
979
949
833
572
895
834
487
554
163
857
950
137
788
241
809
639
843
676
528
325
36
553
123
659
713
871
863
819
712
266
677
646
828
760
468
976
812
760
884
614
196
334
925
208
859
895
534
155
986
414
59
422
492
283
673
326
937
833
36
186
643
495
652
503
171
207
38
941
837
832
914
356
220
567
160
26
768
503
559
528
792
16
35
579
383
915
480
245
566
140
943
729
200
140
816
612
521
736
45
768
97
383
453
280
635
162
425
944
677
463
724
482
600
807
902
421
137
779
109
590
827
544
560
64
658
999
339
209
770
375
106
829
361
769
92
267
498
67
261
525
539
377
440
566
882
982
416
790
490
773
796
363
905
157
946
844
185
237
881
584
919
625
371
213
855
780
365
946
300
337
375
40
98
180
999
897
319
914
600
731
29
333
972
437
371
852
110
633
559
260
723
109
904
69
666
237
523
183
958
736
405
907
886
590
441
405
115
338
433
879
324
547
487
178
44
391
582
803
136
40
476
567
924
992
754
652
877
843
556
64
735
469
204
916
756
762
804
301
795
221
109
743
767
573
331
861
10
493
938
75
913
610
314
432
916
329
610
879
903
879
658
49
176
450
369
249
700
301
730
895
708
742
18
737
310
363
136
650
607
473
5
266
552
731
234
923
160
721
40
475
178
592
844
526
302
556
158
357
400
873
531
271
278
405
95
203
979
2
620
837
305
855
452
543
597
533
881
134
192
379
550
339
75
613
431
148
189
107
995
572
609
998
272
847
783
685
814
426
566
465
553
711
477
912
865
174
771
108
435
661
968
836
371
263
926
106
698
59
400
320
833
636
743
744
151
728
371
224
963
875
774
25
789
803
929
782
921
303
142
521
197
454
663
196
199
535
910
337
483
182
216
871
737
997
342
621
488
434
599
597
273
76
785
656
964
669
518
323
920
294
839
215
772
994
285
850
542
38
367
282
648
712
77
989
790
960
757
595
22
901
490
862
954
213
804
130
104
639
245
958
82
497
549
92
330
709
670
892
85
599
547
878
696
111
538
780
519
933
556
331
291
486
672
235
52
395
723
621
516
521
546
961
651
545
818
801
718
704
978
466
9
524
839
867
805
803
315
353
775
378
422
887
960
628
884
605
756
592
68
113
173
268
701
593
355
388
93
393
826
482
474
830
40
566
371
385
160
32
792
273
417
745
931
377
759
355
273
560
663
683
51
835
295
529
362
427
158
370
669
502
98
483
300
950
793
300
432
69
475
862
571
845
254
603
300
685
314
720
994
545
62
526
154
362
614
519
411
500
916
686
460
286
157
645
56
747
404
198
283
401
251
315
281
563
106
533
802
684
201
492
386
407
737
385
666
721
995
156
665
547
960
896
8
61
48
242
816
504
164
569
531
953
957
657
931
922
629
703
681
919
33
187
713
61
839
84
905
433
677
789
124
789
569
313
269
900
470
790
342
639
96
496
130
220
626
641
210
501
842
534
82
394
575
954
412
87
777
813
401
52
690
49
572
496
798
78
224
319
657
379
639
982
651
347
63
404
723
814
1000
192
282
691
716
723
787
29
704
962
266
164
234
42
817
574
64
852
804
888
164
206
834
990
289
248
213
626
4
131
65
142
119
909
133
100
606
896
125
555
709
53
75
656
573
807
622
873
341
105
895
495
22
258
28
689
229
551
691
727
579
923
82
665
752
710
728
223
658
559
564
255
975
374
942
20
941
859
520
558
818
238
960
783
902
389
438
908
435
378
461
626
858
80
62
804
806
499
858
619
54
81
129
853
768
151
352
162
542
214
218
317
239
379
908
679
919
170
614
96
672
805
532
928
802
208
238
56
353
555
597
365
235
488
168
556
601
589
124
30
607
778
522
449
873
286
922
35
572
749
278
155
684
560
712
949
773
27
437
328
401
240
873
930
814
231
418
952
118
129
184
136
410
71
56
860
726
942
33
131
51
936
233
895
736
358
596
364
59
712
103
674
90
909
469
883
647
705
364
441
657
735
441
919
832
970
366
86
4
971
212
688
616
87
768
943
462
42
732
72
151
580
717
596
648
991
430
780
611
235
683
504
395
366
871
526
527
610
39
13
363
82
561
747
793
443
433
744
941
949
932
59
608
52
688
857
113
707
275
352
1
773
858
655
443
176
552
506
4
66
301
21
106
196
807
167
490
899
380
962
541
71
751
639
371
120
489
809
874
412
110
88
362
679
228
366
262
351
338
463
25
708
407
271
622
776
951
548
369
879
858
70
900
547
355
131
449
7
242
405
32
774
319
669
267
562
733
615
318
191
239
751
332
366
643
772
241
983
544
179
460
127
949
107
552
569
891
213
140
113
52
378
74
28
589
714
909
900
284
536
845
565
811
824
845
652
166
583
495
815
390
456
1000
656
593
899
340
170
916
360
699
611
617
696
538
662
753
637
423
171
570
172
666
364
242
867
425
296
202
18
83
789
935
304
160
514
542
976
748
365
138
586
937
774
602
960
213
676
425
715
798
355
702
260
249
455
805
944
799
973
647
668
357
627
711
121
608
776
822
946
595
387
567
751
193
993
880
66
444
226
773
971
533
253
127
131
635
930
326
926
812
161
126
791
277
167
209
827
698
187
642
700
492
905
745
533
388
661
557
453
256
736
883
847
652
290
413
362
851
68
660
747
674
62
381
555
78
348
481
688
370
122
8
429
334
347
746
389
647
861
77
91
226
146
36
222
948
169
406
977
806
959
815
630
475
3
812
677
641
930
231
838
667
842
356
311
474
459
253
498
161
815
122
792
338
714
986
246
451
394
162
369
149
881
647
432
308
627
565
20
643
813
385
898
417
151
624
882
85
744
684
48
878
935
503
355
77
757
552
982
377
931
202
970
181
99
174
100
616
384
663
375
63
482
922
375
427
773
573
264
651
527
474
269
551
766
350
251
905
38
16
720
288
71
887
211
87
804
977
88
408
315
90
611
931
52
139
108
235
47
910
372
67
666
938
169
607
204
985
797
179
184
621
193
894
971
946
641
234
978
288
733
688
237
78
659
562
629
535
448
223
68
64
173
553
537
171
16
932
963
182
197
343
702
368
586
321
325
45
366
939
235
596
272
759
637
471
629
386
818
8
945
103
136
576
348
230
536
252
255
645
641
857
36
922
585
992
610
582
177
891
236
986
775
203
744
592
254
313
927
435
119
553
113
888
329
944
804
326
585
155
120
773
474
137
414
741
8
729
328
722
330
596
565
465
54
573
308
101
535
14
95
965
649
372
566
995
220
777
432
375
686
726
313
931
728
193
698
348
99
35
476
880
829
997
555
337
493
790
818
201
129
583
2
594
695
732
906
431
416
517
572
156
696
248
532
405
171
554
989
622
318
896
545
318
447
532
137
283
840
423
662
21
461
146
887
556
568
552
144
165
860
594
649
746
785
450
269
594
709
899
641
699
106
565
728
755
652
739
445
38
19
397
644
39
42
836
776
96
938
272
970
727
218
22
606
893
567
595
537
197
915
909
636
257
959
971
553
613
613
837
833
589
674
341
725
389
553
936
508
191
735
379
844
486
235
511
660
644
270
134
938
621
416
790
658
956
39
544
993
542
96
248
444
702
345
284
686
364
598
618
841
866
702
855
906
16
185
236
96
133
225
476
913
935
876
829
342
958
976
190
935
351
444
393
251
841
334
79
232
884
242
679
333
368
508
165
285
921
955
243
2
952
604
69
851
296
427
415
88
27
127
382
634
50
976
784
221
952
748
330
217
30
249
807
326
530
933
910
550
274
549
694
535
30
696
353
118
872
668
32
486
165
838
391
636
671
542
585
482
684
592
439
944
724
342
270
549
499
613
317
947
625
523
880
855
497
336
993
409
611
854
101
240
106
465
920
45
710
490
938
329
704
520
138
224
795
901
107
190
427
997
714
50
579
129
641
922
473
417
495
355
150
357
333
835
579
679
226
852
951
336
914
456
14
923
418
980
337
116
198
694
841
260
634
440
124
566
222
854
90
888
269
65
95
880
947
43
493
986
26
433
814
949
582
557
401
56
832
920
376
572
274
688
561
599
125
823
470
732
480
769
467
241
940
641
71
586
155
426
906
778
17
228
447
373
649
637
615
978
451
156
786
703
945
550
937
932
407
984
792
58
898
152
884
51
584
840
601
330
713
726
195
270
603
262
878
613
167
660
33
290
341
555
760
941
582
34
307
27
564
31
26
725
371
663
427
893
968
277
569
777
564
923
200
608
92
696
655
347
445
693
190
960
452
588
996
15
907
341
718
451
30
663
396
131
37
624
766
997
7
853
404
283
498
132
225
725
3
446
959
281
560
286
845
581
405
552
43
652
992
679
597
122
250
933
76
234
668
747
574
548
992
812
404
829
532
588
410
613
420
264
545
27
72
188
661
531
240
62
441
585
580
167
509
508
472
194
772
292
503
844
624
263
632
681
524
98
79
164
145
687
836
775
22
465
946
486
785
647
492
951
422
143
14
989
477
920
387
813
756
781
588
170
754
549
942
208
374
666
361
430
957
243
644
779
531
471
992
399
503
259
243
28
893
258
147
291
218
873
129
260
803
608
831
408
378
36
582
334
661
322
643
173
66
288
695
891
64
457
738
522
930
788
516
143
292
32
392
768
416
786
277
914
308
526
474
11
9
934
420
257
648
601
398
750
815
627
438
440
283
153
52
146
959
185
350
367
717
778
940
463
370
821
512
586
981
53
269
285
588
385
663
91
787
926
506
125
570
998
406
457
519
418
50
301
977
770
896
385
173
12
780
498
801
88
216
67
395
979
223
727
959
628
914
534
176
147
180
530
153
382
62
612
587
932
906
735
512
548
208
568
811
643
575
813
482
979
314
966
169
736
208
474
376
579
353
114
270
93
491
118
961
589
490
455
168
131
81
402
379
193
286
371
146
38
358
866
34
783
669
862
299
571
334
791
674
572
659
991
201
241
999
172
763
525
883
281
74
294
142
846
399
910
600
462
280
470
32
136
455
928
326
138
154
993
980
251
159
392
302
231
417
352
724
867
636
924
323
172
640
348
894
564
752
764
70
531
773
689
611
650
151
574
826
409
7
197
600
125
224
683
174
473
532
239
349
142
213
700
63
806
947
8
31
55
729
561
435
929
194
128
450
671
895
586
895
844
138
123
196
731
439
229
567
427
483
446
233
976
941
685
550
691
845
186
395
130
498
681
884
315
904
942
360
953
901
61
679
211
377
625
205
383
347
143
683
268
42
147
835
595
722
594
503
435
860
55
781
260
473
100
868
863
340
116
633
616
746
2
113
119
808
879
968
351
783
264
664
592
7
395
781
453
933
863
670
948
299
167
640
138
580
700
922
809
785
47
595
978
659
380
900
267
229
535
424
927
302
573
155
591
955
159
155
529
8
181
238
762
688
825
452
775
404
539
236
107
699
780
621
865
55
607
208
184
363
296
593
92
209
475
954
134
211
609
231
209
815
785
607
121
399
775
336
552
557
908
218
187
926
347
569
238
187
687
814
767
348
973
998
653
226
381
448
728
421
381
381
309
270
348
513
574
225
586
814
345
803
999
839
681
224
604
207
920
522
793
44
467
573
749
478
226
401
375
101
641
770
499
79
286
351
910
13
789
541
15
437
6
575
818
78
832
256
171
284
286
332
901
309
57
662
925
829
226
712
792
386
586
524
760
560
675
108
118
516
838
284
490
629
863
747
908
925
76
374
769
361
609
478
61
332
768
70
990
650
339
188
470
939
379
601
331
771
168
332
368
415
502
837
78
850
884
682
384
842
649
141
984
698
169
538
354
935
560
344
314
984
294
7
932
332
407
124
793
45
707
652
60
777
3
954
635
867
782
717
756
111
79
87
542
530
160
871
622
150
463
856
603
739
170
710
631
112
865
924
661
795
820
685
520
595
748
257
863
5
938
46
243
180
990
706
509
110
923
575
784
314
605
506
44
358
661
533
193
595
195
897
291
988
745
772
932
920
868
160
469
795
347
270
374
650
275
840
912
361
289
550
985
877
997
910
542
848
784
338
370
631
353
737
200
210
768
363
504
938
818
352
963
537
71
994
910
609
191
702
708
733
633
728
707
585
287
747
178
645
970
75
942
3
208
882
589
184
734
273
901
17
836
938
87
793
840
580
650
912
528
170
485
59
400
448
269
877
751
215
170
591
900
866
560
855
452
772
142
189
386
99
477
674
770
229
338
976
817
893
529
669
626
637
614
862
806
365
321
915
161
857
108
629
242
92
87
259
690
167
345
76
26
765
632
433
460
496
259
342
845
760
150
317
508
123
460
917
441
553
94
870
30
3
330
175
215
308
914
938
650
600
668
976
10
595
157
750
178
464
164
209
49
170
382
829
536
370
395
921
67
444
235
895
301
127
491
60
579
82
431
270
83
708
926
104
265
891
167
619
125
752
660
105
902
637
347
635
939
262
778
420
424
570
852
274
200
414
948
724
306
296
955
700
826
9
196
576
343
193
37
705
72
871
171
539
355
716
923
926
402
430
372
526
374
703
827
932
392
585
274
519
892
737
406
878
741
279
612
369
534
940
336
782
989
462
346
435
970
145
997
233
231
770
204
958
382
519
604
158
628
62
818
143
197
79
532
959
389
694
635
981
178
315
352
971
420
315
182
910
954
576
9
929
714
336
54
838
814
190
25
297
381
69
987
543
993
942
489
706
188
721
3
849
236
671
799
12
673
920
936
748
1
950
382
877
551
190
975
228
75
267
661
485
639
541
391
592
319
14
656
349
847
536
298
991
651
215
898
84
937
942
142
416
766
795
1000
376
162
344
723
80
984
671
365
373
833
836
665
655
677
603
941
997
447
197
566
811
101
657
990
708
268
652
293
218
551
817
971
280
202
264
706
649
155
612
477
693
280
177
777
344
898
492
657
686
69
632
722
72
425
669
140
965
91
185
290
465
12
958
571
322
974
652
401
627
349
696
359
961
615
829
370
544
652
26
393
798
380
907
632
772
598
877
365
310
200
880
981
7
253
252
750
973
458
774
7
169
374
749
935
235
966
328
236
683
106
306
297
713
79
573
754
656
753
251
954
159
814
78
946
275
248
527
128
443
340
282
63
684
832
897
988
732
298
118
967
853
458
804
837
289
92
178
524
819
409
502
422
34
750
658
976
492
476
498
357
829
335
226
227
818
842
36
900
681
928
699
835
647
407
854
681
397
300
929
334
205
586
972
642
827
335
704
808
235
95
616
425
407
19
853
758
250
978
140
970
589
479
2
462
884
638
669
788
426
610
152
466
276
682
590
6
376
660
849
38
377
733
676
643
448
593
107
886
188
105
8
920
473
880
963
978
223
635
284
192
71
487
696
473
338
131
239
687
433
622
410
457
226
684
355
465
359
264
499
39
101
814
614
38
954
319
610
432
430
834
916
810
919
232
4
111
967
291
865
674
785
49
196
769
621
993
380
159
326
936
707
422
696
23
699
452
461
863
79
523
481
874
724
584
773
727
1
668
785
379
257
956
917
379
122
413
269
752
986
830
470
723
768
562
350
445
748
681
311
940
995
398
52
742
224
468
167
354
732
333
656
50
499
154
542
902
74
854
93
746
98
621
345
220
421
484
816
543
7
636
467
209
134
758
779
221
904
12
3
856
15
931
842
956
944
789
288
15
388
35
138
383
120
149
984
976
799
666
809
452
762
840
114
719
710
707
891
821
901
337
622
435
834
946
490
645
460
375
807
665
49
720
338
868
474
154
384
496
313
912
929
849
290
845
663
282
393
849
384
663
465
66
226
714
652
203
358
964
939
765
322
818
225
701
351
822
2
218
893
37
152
695
456
3
834
796
202
44
953
593
772
618
651
835
548
361
259
325
33
957
981
149
833
5
870
956
903
996
743
249
421
802
63
416
247
787
140
921
310
921
998
660
475
790
457
812
155
441
278
62
849
621
688
846
51
761
171
993
891
556
254
51
913
919
290
342
767
201
397
750
826
343
124
145
148
402
182
220
35
402
905
714
371
361
714
926
714
894
807
604
572
878
263
113
382
261
553
251
216
507
435
279
617
774
541
484
410
637
529
421
969
189
260
751
361
988
928
115
758
441
351
30
337
877
870
309
233
788
110
60
51
116
666
265
473
252
879
855
498
557
367
199
190
121
83
43
874
468
951
535
176
214
190
172
837
657
712
831
185
825
326
369
449
23
889
689
481
598
765
369
256
308
572
551
256
501
503
938
384
146
986
443
680
161
833
612
902
934
651
164
967
687
968
621
489
458
344
459
585
719
646
378
305
394
946
437
437
744
286
237
376
728
922
524
664
629
421
753
774
563
351
379
843
632
893
360
144
516
608
940
878
348
472
501
375
726
384
87
510
962
942
839
262
620
657
506
810
199
914
313
573
18
177
462
295
590
375
3
569
569
338
404
730
287
243
919
849
56
261
460
444
719
941
517
998
794
607
231
525
649
487
922
129
972
94
979
334
739
299
471
764
768
752
98
591
412
618
179
770
120
871
232
984
479
333
290
734
411
638
418
395
614
767
776
243
170
121
148
806
359
22
767
827
343
818
991
848
477
979
313
566
828
756
817
329
284
91
497
396
473
44
43
23
213
652
910
100
610
517
830
213
336
10
189
286
544
285
798
136
383
346
727
835
764
721
359
128
14
535
802
170
445
197
459
138
91
391
752
35
14
617
402
511
580
711
59
468
465
960
91
218
443
207
497
477
662
595
362
628
596
172
979
786
957
365
544
199
243
677
411
240
399
520
89
303
898
27
333
753
888
721
401
268
925
841
407
273
471
574
771
920
633
347
854
403
229
424
586
518
543
14
790
72
79
295
865
384
124
413
147
640
267
72
329
610
889
396
152
896
921
389
638
260
656
638
791
225
593
401
32
65
358
619
826
985
252
763
57
886
849
199
354
696
764
902
805
565
548
842
422
739
865
316
703
307
416
189
655
561
189
910
798
989
694
84
333
617
84
84
94
651
345
485
502
195
67
394
210
577
847
467
807
607
821
522
932
340
66
385
384
972
350
324
592
661
608
273
788
749
735
223
189
961
836
199
5
596
516
613
183
160
396
741
902
269
823
924
698
408
939
817
884
12
873
47
846
180
329
594
793
349
671
735
638
912
556
593
818
592
993
955
597
648
492
686
774
673
622
26
475
210
482
5
664
719
521
25
446
465
932
383
700
418
804
70
945
628
668
843
210
472
679
68
870
758
997
178
307
884
768
774
220
58
720
964
506
323
476
432
100
224
457
610
301
415
225
532
193
586
958
299
373
219
50
819
743
341
986
480
433
454
154
823
844
405
745
211
786
201
232
548
719
203
928
135
477
910
996
9
547
102
421
113
627
257
162
342
556
234
205
317
347
39
605
159
772
932
937
652
530
455
765
16
660
980
121
112
656
334
354
307
464
433
27
937
182
766
356
530
714
993
503
49
404
977
711
215
428
588
457
14
3
967
287
685
315
492
340
647
964
610
939
775
914
143
201
803
882
885
555
563
572
9
446
506
84
122
785
675
996
911
724
863
332
703
502
319
811
247
709
43
472
781
188
632
824
889
427
375
866
206
30
812
778
454
670
237
39
590
479
30
301
586
877
669
782
140
120
152
968
435
791
128
425
719
732
237
269
989
757
916
370
797
720
437
710
759
992
773
94
4
195
933
908
706
608
470
208
775
109
386
814
963
434
232
421
838
313
346
955
487
571
730
190
612
17
671
442
105
482
201
118
523
644
445
335
943
351
634
376
271
18
270
878
38
23
470
245
847
275
677
905
630
16
13
965
453
314
119
670
318
988
64
56
530
850
313
156
655
450
600
627
508
57
707
684
648
38
909
230
724
151
444
862
268
964
128
601
86
58
661
450
660
641
955
418
117
244
638
954
409
234
771
118
793
901
426
279
897
314
149
836
16
443
684
125
23
942
731
199
879
848
115
263
653
847
380
702
808
915
903
800
346
662
411
927
269
310
451
295
533
793
825
421
811
294
882
423
654
322
386
321
454
193
169
165
807
627
279
936
870
81
422
176
856
135
215
311
677
489
268
20
584
702
114
305
191
879
418
550
844
527
513
261
754
916
208
983
864
562
715
51
563
384
604
444
831
891
150
193
730
985
613
781
585
483
73
835
627
273
87
608
596
488
88
387
555
579
351
76
765
811
974
743
382
144
237
85
696
116
505
255
417
926
410
924
512
84
101
452
853
990
853
713
167
869
336
410
312
47
282
116
182
14
24
234
957
614
487
816
804
173
155
191
44
916
640
411
120
892
366
738
816
769
306
52
240
169
85
87
323
952
937
615
247
99
551
418
559
471
659
294
332
694
504
717
627
199
750
975
114
17
613
299
21
596
891
358
749
859
71
370
967
566
86
528
285
916
467
784
547
324
183
343
417
389
310
201
703
351
309
73
552
300
267
419
316
66
532
777
77
80
799
364
554
244
448
255
713
537
625
298
958
331
526
470
717
214
994
878
860
882
248
290
37
125
918
495
127
385
816
367
757
82
948
288
320
480
780
672
887
591
951
821
502
324
393
924
633
806
340
523
59
82
178
434
977
620
345
154
330
242
354
150
437
109
541
261
193
170
91
443
255
782
114
99
85
370
479
178
424
582
157
534
281
329
820
230
560
293
899
874
163
832
903
424
136
634
270
602
963
424
890
555
57
945
954
838
565
335
821
933
579
557
252
252
335
73
816
331
578
590
150
359
468
53
905
702
340
711
713
787
143
865
502
65
251
929
533
612
689
717
856
451
109
750
947
980
292
768
46
246
126
383
265
778
36
426
86
642
412
160
277
451
403
209
644
270
393
843
643
89
78
245
916
922
629
195
484
64
403
677
495
188
618
546
732
296
45
465
142
173
833
738
975
618
233
417
851
521
554
517
17
335
264
358
206
137
611
558
892
395
339
434
216
894
844
978
324
149
359
10
479
377
447
409
592
830
638
944
681
217
75
227
317
41
175
604
834
851
336
428
133
176
81
533
358
151
313
8
88
682
258
780
689
502
561
496
400
356
871
56
110
284
210
241
99
55
780
639
724
843
972
942
603
275
938
236
404
703
665
282
559
928
499
26
450
926
980
26
653
550
822
243
260
13
431
83
909
422
67
577
502
822
106
609
298
565
956
884
748
60
137
511
914
150
903
89
766
726
308
796
544
161
963
763
339
58
823
474
686
175
285
739
300
560
426
464
959
817
586
965
723
935
982
558
530
443
13
124
334
540
278
491
826
186
947
469
381
315
263
954
266
623
587
84
597
743
829
802
612
672
390
769
292
107
933
423
993
428
466
167
197
30
115
114
365
95
990
598
728
702
263
804
786
168
327
143
444
432
660
745
220
708
956
709
575
295
205
878
871
129
656
527
824
901
511
183
240
227
106
902
607
855
357
797
515
883
151
877
651
7
267
374
102
979
360
892
159
458
141
691
65
818
361
583
103
84
301
500
171
932
524
136
802
633
612
606
840
57
535
371
865
844
122
643
571
933
818
82
194
78
617
679
338
118
466
585
228
789
51
471
83
386
937
513
159
590
108
778
846
411
895
146
139
341
362
968
989
116
625
789
390
216
909
542
381
596
337
25
482
201
718
803
286
889
206
685
56
970
564
178
180
582
465
880
923
420
796
687
174
450
956
918
493
249
359
156
501
804
344
8
864
99
885
630
776
984
403
891
885
844
763
175
10
189
561
763
26
44
858
481
283
591
792
930
292
593
164
910
148
452
887
57
126
175
108
230
720
685
100
939
97
675
201
266
264
352
830
721
483
20
619
699
316
386
510
93
246
248
556
282
461
869
765
619
291
580
967
782
316
599
471
391
871
182
330
476
86
978
32
727
416
539
928
269
119
138
665
712
225
41
175
347
436
59
384
279
247
445
96
825
15
581
466
372
537
990
942
794
25
176
982
949
985
52
956
766
731
>>>>>>> 34a472e16d5f06d79b1e8460c128bb6905fc1349
